Read 34 sequences
3752
1660
1260
 	 -	 M	 S	 D	 A	 Y	 H	 E	 R	 L	 V	 Q	 I	 K	 N	 G	 F	 C	 P	 T	 W
-	 -5.842812632362771	 -8.63445825640528	 -7.964654119238366	 -8.37430109381451	 -8.461521522556561	 -8.740181296010878	 -9.121020844404512	 -8.469315974372114	 -8.46879695578174	 -9.243412175275905	 -8.724371130309486	 -8.612058111428395	 -9.017879177614565	 -8.41652551870279	 -8.509530912101587	 -7.878942399974384	 -8.548673558454563	 -8.79011895936326	 -7.896823085754229	 -8.566524457526766	 -8.786638634475908
M	 -8.63445825640528	 -4.3448552500026745	 -7.17853445802411	 -7.693422576031597	 -7.354791210582903	 -7.819980615466369	 -7.168506131306991	 -7.204566562856806	 -7.432899355970586	 -6.028427608508067	 -6.588777433814305	 -7.042262057831783	 -6.282473636108566	 -7.348972959347999	 -7.774924800395667	 -8.071211748590839	 -7.195300159820189	 -6.3535712531612525	 -7.889195038368001	 -6.83673082493292	 -6.610868813612513
S	 -7.964654119238366	 -7.17853445802411	 -5.028577264172891	 -6.949941998407244	 -6.517936132563988	 -8.444598060355128	 -7.251315308460866	 -7.266537578469169	 -7.132905168920496	 -8.478293192378924	 -7.644875374419112	 -6.852888840351107	 -8.622338483915222	 -7.067640031419994	 -6.599043497563387	 -7.049363034962019	 -8.325624258538744	 -7.0771612364874406	 -7.027825507565366	 -6.323395571169997	 -7.853374409726345
D	 -8.37430109381451	 -7.693422576031597	 -6.949941998407244	 -4.586348841626789	 -7.235483226669685	 -8.481887375534415	 -7.080485231422552	 -6.368293085415789	 -7.774863181368629	 -8.755255360823632	 -8.600553022340371	 -6.8433059461311085	 -9.284179126859705	 -7.411844127508089	 -6.712603160733664	 -7.213232617734866	 -9.069270157519517	 -8.69483715865908	 -6.911708222220566	 -7.354005171615948	 -10.033122300592611
A	 -8.461521522556561	 -7.354791210582903	 -6.517936132563988	 -7.235483226669685	 -4.9507764966416525	 -7.822247364558442	 -7.579772772846677	 -7.231360048337137	 -7.474287813216108	 -7.74274409594743	 -7.012983666228621	 -7.0209776661226835	 -7.662780319724814	 -7.162770680015397	 -7.539485377430336	 -6.995361068961084	 -8.099864916457756	 -6.374156582777011	 -7.570300610298592	 -7.099552253222188	 -9.336131659851842
Y	 -8.740181296010878	 -7.819980615466369	 -8.444598060355128	 -8.481887375534415	 -7.822247364558442	 -3.9281951044050833	 -6.281270530687149	 -8.456662430935431	 -7.957813739187695	 -7.357567925820511	 -7.360347625735388	 -7.8577187477572945	 -7.691964827789566	 -7.833256753921598	 -7.927864251299762	 -9.004890484083333	 -6.129544354459591	 -7.199038004153818	 -8.576263320963847	 -7.606034897090468	 -6.1923458634035295
H	 -9.121020844404512	 -7.168506131306991	 -7.251315308460866	 -7.080485231422552	 -7.579772772846677	 -6.281270530687149	 -3.5096120521667293	 -7.134994778263014	 -6.9019493002330545	 -6.973242047459463	 -7.507118198265024	 -6.862445617992494	 -8.328860432764358	 -6.9660625118434085	 -6.898265365680749	 -7.5310498435807425	 -7.113598595414545	 -7.852179850100064	 -8.01382120165648	 -7.016169949486711	 -8.650889954981617
E	 -8.469315974372114	 -7.204566562856806	 -7.266537578469169	 -6.368293085415789	 -7.231360048337137	 -8.456662430935431	 -7.134994778263014	 -4.9196380745674215	 -7.269114610736543	 -8.34966377249258	 -7.920220299053739	 -6.517538179673676	 -8.509893519998936	 -6.7970405398885525	 -7.037859826825537	 -7.504469420687852	 -8.674319231406916	 -7.819030278471703	 -7.278426948369945	 -7.326050015025723	 -8.061794324306797
R	 -8.46879695578174	 -7.432899355970586	 -7.132905168920496	 -7.774863181368629	 -7.474287813216108	 -7.957813739187695	 -6.9019493002330545	 -7.269114610736543	 -4.620213885858759	 -7.965853377496844	 -8.213472339257818	 -6.693510861574324	 -8.549051442553218	 -6.31460195129121	 -7.316811283092542	 -7.56000516098173	 -8.222879110084088	 -6.896297893091786	 -7.469971322726303	 -7.435196439438487	 -7.998194256961085
L	 -9.243412175275905	 -6.028427608508067	 -8.478293192378924	 -8.755255360823632	 -7.74274409594743	 -7.357567925820511	 -6.973242047459463	 -8.34966377249258	 -7.965853377496844	 -4.891571814941241	 -6.600459447152092	 -7.412573302120184	 -6.280135754710186	 -7.815352359737966	 -8.592606680438594	 -9.109015694587885	 -6.990694322137073	 -6.160789094591666	 -8.617284493079717	 -8.008572032582673	 -7.262042164775225
V	 -8.724371130309486	 -6.588777433814305	 -7.644875374419112	 -8.600553022340371	 -7.012983666228621	 -7.360347625735388	 -7.507118198265024	 -7.920220299053739	 -8.213472339257818	 -6.600459447152092	 -4.73376597084313	 -7.552635869623934	 -5.844894282616926	 -7.856616256224042	 -8.194203673688813	 -8.279392028505587	 -7.864680423427718	 -6.84458849417957	 -7.2845175351291855	 -6.981971016174149	 -8.05002553698971
Q	 -8.612058111428395	 -7.042262057831783	 -6.852888840351107	 -6.8433059461311085	 -7.0209776661226835	 -7.8577187477572945	 -6.862445617992494	 -6.517538179673676	 -6.693510861574324	 -7.412573302120184	 -7.552635869623934	 -4.683490846640259	 -7.901111010201314	 -6.455406739457869	 -6.764562866341135	 -7.727430363915815	 -8.358260616827877	 -8.07933202910189	 -7.382746449738912	 -7.34094770671994	 -7.028795573837707
I	 -9.017879177614565	 -6.282473636108566	 -8.622338483915222	 -9.284179126859705	 -7.662780319724814	 -7.691964827789566	 -8.328860432764358	 -8.509893519998936	 -8.549051442553218	 -6.280135754710186	 -5.844894282616926	 -7.901111010201314	 -4.623097069732152	 -8.55383565867322	 -9.313313490304512	 -9.113272559879904	 -7.329410634008605	 -6.904990676674674	 -7.887234539089927	 -7.771143465418443	 -8.341400412679853
K	 -8.41652551870279	 -7.348972959347999	 -7.067640031419994	 -7.411844127508089	 -7.162770680015397	 -7.833256753921598	 -6.9660625118434085	 -6.7970405398885525	 -6.31460195129121	 -7.815352359737966	 -7.856616256224042	 -6.455406739457869	 -8.55383565867322	 -4.867570622772625	 -6.977813147896243	 -7.448066428811725	 -8.472228406064565	 -7.979149930787086	 -7.004468767069686	 -7.205682198119441	 -7.834873135840073
N	 -8.509530912101587	 -7.774924800395667	 -6.599043497563387	 -6.712603160733664	 -7.539485377430336	 -7.927864251299762	 -6.898265365680749	 -7.037859826825537	 -7.316811283092542	 -8.592606680438594	 -8.194203673688813	 -6.764562866341135	 -9.313313490304512	 -6.977813147896243	 -4.539144593619268	 -7.116435019647845	 -8.222672521795031	 -7.766868773309767	 -7.177157566565689	 -7.109961215851912	 -7.608096989176586
G	 -7.878942399974384	 -8.071211748590839	 -7.049363034962019	 -7.213232617734866	 -6.995361068961084	 -9.004890484083333	 -7.5310498435807425	 -7.504469420687852	 -7.56000516098173	 -9.109015694587885	 -8.279392028505587	 -7.727430363915815	 -9.113272559879904	 -7.448066428811725	 -7.116435019647845	 -4.411986461366073	 -8.61191228747407	 -7.472711114160467	 -7.583870762809204	 -7.825234493520091	 -8.343620749254532
F	 -8.548673558454563	 -7.195300159820189	 -8.325624258538744	 -9.069270157519517	 -8.099864916457756	 -6.129544354459591	 -7.113598595414545	 -8.674319231406916	 -8.222879110084088	 -6.990694322137073	 -7.864680423427718	 -8.358260616827877	 -7.329410634008605	 -8.472228406064565	 -8.222672521795031	 -8.61191228747407	 -4.004881369538529	 -6.045319544268803	 -8.5795383606393	 -8.09858978350949	 -5.100122200323786
C	 -8.79011895936326	 -6.3535712531612525	 -7.0771612364874406	 -8.69483715865908	 -6.374156582777011	 -7.199038004153818	 -7.852179850100064	 -7.819030278471703	 -6.896297893091786	 -6.160789094591666	 -6.84458849417957	 -8.07933202910189	 -6.904990676674674	 -7.979149930787086	 -7.766868773309767	 -7.472711114160467	 -6.045319544268803	 -2.9898631042806962	 -11.626468413035614	 -7.044753708375045	 -8.847072312567807
P	 -7.896823085754229	 -7.889195038368001	 -7.027825507565366	 -6.911708222220566	 -7.570300610298592	 -8.576263320963847	 -8.01382120165648	 -7.278426948369945	 -7.469971322726303	 -8.617284493079717	 -7.2845175351291855	 -7.382746449738912	 -7.887234539089927	 -7.004468767069686	 -7.177157566565689	 -7.583870762809204	 -8.5795383606393	 -11.626468413035614	 -3.876696884385449	 -7.241667851479006	 -8.228555106574648
T	 -8.566524457526766	 -6.83673082493292	 -6.323395571169997	 -7.354005171615948	 -7.099552253222188	 -7.606034897090468	 -7.016169949486711	 -7.326050015025723	 -7.435196439438487	 -8.008572032582673	 -6.981971016174149	 -7.34094770671994	 -7.771143465418443	 -7.205682198119441	 -7.109961215851912	 -7.825234493520091	 -8.09858978350949	 -7.044753708375045	 -7.241667851479006	 -4.489320655200385	 -9.052516286782616
W	 -8.786638634475908	 -6.610868813612513	 -7.853374409726345	 -10.033122300592611	 -9.336131659851842	 -6.1923458634035295	 -8.650889954981617	 -8.061794324306797	 -7.998194256961085	 -7.262042164775225	 -8.05002553698971	 -7.028795573837707	 -8.341400412679853	 -7.834873135840073	 -7.608096989176586	 -8.343620749254532	 -5.100122200323786	 -8.847072312567807	 -8.228555106574648	 -9.052516286782616	 -2.532139306727785
