Read 24 sequences
1571
1115
1061
 	 -	 M	 T	 S	 N	 Q	 V	 K	 A	 I	 L	 P	 D	 Y	 F	 H	 E	 C	 R	 G	 W
-	 -3.879720508776386	 -6.8468413189042385	 -7.1041682601274685	 -7.099925716912725	 -7.372243727539763	 -7.410931249531385	 -7.765187730348358	 -7.202474636816928	 -7.584724573109932	 -7.857117111796128	 -8.629590992457073	 -6.804122242335503	 -8.617324199863114	 -9.655410734676707	 -8.223529629104922	 -7.261381134727952	 -8.094253562050538	 -9.387146748082028	 -7.683899031218837	 -7.069833848377738	 -9.237615014111064
M	 -6.8468413189042385	 -3.0522970673781096	 -7.167169120685786	 -8.407132381123631	 -9.675733388664234	 -7.0033900814155094	 -7.336319355960378	 -7.91823398400424	 -7.822502885366471	 -6.546923134418223	 -6.28734113656888	 -7.963329577958678	 -8.253585654405631	 -9.319843066185921	 -7.1207068079004685	 -8.062166082888124	 -8.458850646778343	 -6.972137537911405	 -8.269548212938261	 -9.61416663791582	 -10.84795749467559
T	 -7.1041682601274685	 -7.167169120685786	 -4.347900955477289	 -6.624109184252581	 -7.261284935481163	 -7.444176151580989	 -7.22349222874478	 -7.7652438612772	 -6.997284268129221	 -7.5081678541775245	 -8.714998238014568	 -7.375012893315639	 -7.963050680796791	 -8.701568194002089	 -10.398469869771468	 -8.585063113791199	 -7.663659165140468	 -7.171761551259997	 -8.296436308156256	 -8.185218784243768	 -10.149639914818223
S	 -7.099925716912725	 -8.407132381123631	 -6.624109184252581	 -4.412890798976506	 -6.850624546419958	 -7.58912887666555	 -8.641246816061717	 -7.573889325407011	 -6.492851205849649	 -8.840615152855637	 -9.413985341196357	 -7.136973366144094	 -7.958503897229825	 -9.089536544552862	 -9.663157685238636	 -8.369002493338428	 -8.008588382257704	 -6.742913853417178	 -7.8704254916486365	 -7.347754888089894	 -12.396507037434679
N	 -7.372243727539763	 -9.675733388664234	 -7.261284935481163	 -6.850624546419958	 -4.2123136270856065	 -7.077739739264523	 -9.652578521522699	 -7.216659987885045	 -8.347444570658208	 -9.74712519798918	 -9.421639274508658	 -9.15505951131766	 -7.038661134876362	 -8.449653808557269	 -9.941761071680634	 -6.399738742055296	 -7.7856871964318355	 -7.666029043031208	 -8.142953115121518	 -7.615818547960056	 -8.201276239949673
Q	 -7.410931249531385	 -7.0033900814155094	 -7.444176151580989	 -7.58912887666555	 -7.077739739264523	 -4.493909948203076	 -8.703001812015078	 -6.552894442893392	 -8.005072611909807	 -9.040110125652868	 -8.648034894116332	 -8.010694476250954	 -7.501558292070402	 -8.886371460169538	 -9.80311457838934	 -6.955956167943003	 -6.568476004201893	 -7.703838987081471	 -7.038860428978922	 -8.139909829780914	 -9.736606180230051
V	 -7.765187730348358	 -7.336319355960378	 -7.22349222874478	 -8.641246816061717	 -9.652578521522699	 -8.703001812015078	 -4.307327558732753	 -8.919595222284908	 -7.266668377861042	 -5.863200885934133	 -7.366180465703113	 -8.136289589743432	 -10.375934079622024	 -8.433411502455847	 -10.581419567289593	 -10.17146679271204	 -9.033760824563817	 -7.065054842022623	 -9.628131890380756	 -10.257130278946311	 -10.797773955146136
K	 -7.202474636816928	 -7.91823398400424	 -7.7652438612772	 -7.573889325407011	 -7.216659987885045	 -6.552894442893392	 -8.919595222284908	 -4.262252065850769	 -7.7995718598383466	 -9.220843119761685	 -8.836464702289518	 -7.694221353238718	 -8.210894306344851	 -8.981681639973862	 -10.850563518742463	 -7.412949233038976	 -8.267412911147806	 -8.606706698623485	 -6.129006573787574	 -8.824865039426271	 -8.693563742716753
A	 -7.584724573109932	 -7.822502885366471	 -6.997284268129221	 -6.492851205849649	 -8.347444570658208	 -8.005072611909807	 -7.266668377861042	 -7.7995718598383466	 -4.455708418591505	 -8.809875300962217	 -8.968564945268255	 -7.056559521932562	 -7.97542425780189	 -9.62116467879658	 -9.73718919397025	 -8.837272047584426	 -7.596241126955048	 -8.095655421267034	 -8.697338269140452	 -7.578706837984318	 0
I	 -7.857117111796128	 -6.546923134418223	 -7.5081678541775245	 -8.840615152855637	 -9.74712519798918	 -9.040110125652868	 -5.863200885934133	 -9.220843119761685	 -8.809875300962217	 -4.262174501353592	 -6.944797582002252	 -9.761341554340715	 -11.503031294078522	 -8.933884932033688	 -9.10026843829788	 -10.555406406033931	 -10.132125016892939	 -6.960532427665382	 -8.997719558652276	 -10.666387700252493	 0
L	 -8.629590992457073	 -6.28734113656888	 -8.714998238014568	 -9.413985341196357	 -9.421639274508658	 -8.648034894116332	 -7.366180465703113	 -8.836464702289518	 -8.968564945268255	 -6.944797582002252	 -4.623979189673516	 -9.939648032392816	 -10.9107811968079	 -9.081054113787067	 -7.597608380221399	 -10.641775388760346	 -10.019841468313437	 -7.8134760595065575	 -9.041071156294999	 -10.491872803681849	 -7.658855256028123
P	 -6.804122242335503	 -7.963329577958678	 -7.375012893315639	 -7.136973366144094	 -9.15505951131766	 -8.010694476250954	 -8.136289589743432	 -7.694221353238718	 -7.056559521932562	 -9.761341554340715	 -9.939648032392816	 -3.553678479057554	 -8.940025710285854	 -12.090055549683818	 -9.472550778454295	 -7.984566422908653	 -8.098479912553719	 0	 -7.842095897599595	 -8.89071651207947	 0
D	 -8.617324199863114	 -8.253585654405631	 -7.963050680796791	 -7.958503897229825	 -7.038661134876362	 -7.501558292070402	 -10.375934079622024	 -8.210894306344851	 -7.97542425780189	 -11.503031294078522	 -10.9107811968079	 -8.940025710285854	 -4.243243575700892	 -9.587103616688255	 -10.7072684637421	 -7.883956190668595	 -6.50368858534906	 -9.259416209622776	 -9.182955043528299	 -7.880567899286963	 -8.124600872290705
Y	 -9.655410734676707	 -9.319843066185921	 -8.701568194002089	 -9.089536544552862	 -8.449653808557269	 -8.886371460169538	 -8.433411502455847	 -8.981681639973862	 -9.62116467879658	 -8.933884932033688	 -9.081054113787067	 -12.090055549683818	 -9.587103616688255	 -3.5105100486793352	 -6.113316428758332	 -6.491282439064144	 -9.738377032472528	 -9.489425597202445	 -8.752857104626223	 -10.445055743636633	 -6.224475603875021
F	 -8.223529629104922	 -7.1207068079004685	 -10.398469869771468	 -9.663157685238636	 -9.941761071680634	 -9.80311457838934	 -10.581419567289593	 -10.850563518742463	 -9.73718919397025	 -9.10026843829788	 -7.597608380221399	 -9.472550778454295	 -10.7072684637421	 -6.113316428758332	 -3.7416315664920727	 -7.388510154455662	 -9.298678752722122	 -6.302826294082955	 -9.758402110609444	 -11.816535018971383	 -7.879841880693
H	 -7.261381134727952	 -8.062166082888124	 -8.585063113791199	 -8.369002493338428	 -6.399738742055296	 -6.955956167943003	 -10.17146679271204	 -7.412949233038976	 -8.837272047584426	 -10.555406406033931	 -10.641775388760346	 -7.984566422908653	 -7.883956190668595	 -6.491282439064144	 -7.388510154455662	 -3.200905095264714	 -7.694026810603962	 -7.238496840894365	 -7.187353482784178	 -8.612014615435275	 -7.121225969141623
E	 -8.094253562050538	 -8.458850646778343	 -7.663659165140468	 -8.008588382257704	 -7.7856871964318355	 -6.568476004201893	 -9.033760824563817	 -8.267412911147806	 -7.596241126955048	 -10.132125016892939	 -10.019841468313437	 -8.098479912553719	 -6.50368858534906	 -9.738377032472528	 -9.298678752722122	 -7.694026810603962	 -4.484692877112084	 -9.856160068128911	 -8.712835311680905	 -8.156008442006645	 -11.534755447556877
C	 -9.387146748082028	 -6.972137537911405	 -7.171761551259997	 -6.742913853417178	 -7.666029043031208	 -7.703838987081471	 -7.065054842022623	 -8.606706698623485	 -8.095655421267034	 -6.960532427665382	 -7.8134760595065575	 0	 -9.259416209622776	 -9.489425597202445	 -6.302826294082955	 -7.238496840894365	 -9.856160068128911	 -2.1129174708762255	 -6.995266531013418	 0	 0
R	 -7.683899031218837	 -8.269548212938261	 -8.296436308156256	 -7.8704254916486365	 -8.142953115121518	 -7.038860428978922	 -9.628131890380756	 -6.129006573787574	 -8.697338269140452	 -8.997719558652276	 -9.041071156294999	 -7.842095897599595	 -9.182955043528299	 -8.752857104626223	 -9.758402110609444	 -7.187353482784178	 -8.712835311680905	 -6.995266531013418	 -4.384838024786451	 -8.77229819353123	 -12.575834580016028
G	 -7.069833848377738	 -9.61416663791582	 -8.185218784243768	 -7.347754888089894	 -7.615818547960056	 -8.139909829780914	 -10.257130278946311	 -8.824865039426271	 -7.578706837984318	 -10.666387700252493	 -10.491872803681849	 -8.89071651207947	 -7.880567899286963	 -10.445055743636633	 -11.816535018971383	 -8.612014615435275	 -8.156008442006645	 0	 -8.77229819353123	 -4.006473578339651	 -9.163098356631782
W	 -9.237615014111064	 -10.84795749467559	 -10.149639914818223	 -12.396507037434679	 -8.201276239949673	 -9.736606180230051	 -10.797773955146136	 -8.693563742716753	 0	 0	 -7.658855256028123	 0	 -8.124600872290705	 -6.224475603875021	 -7.879841880693	 -7.121225969141623	 -11.534755447556877	 0	 -12.575834580016028	 -9.163098356631782	 -2.4260437001273396
